image_width: 780
image_height: 580
camera_name: a4701110abd76
camera_matrix:
  rows: 3
  cols: 3
  data: [683.155293, 0, 384.481285, 0, 680.188350, 259.072397, 0, 0, 1]
distortion_model: plumb_bob
distortion_coefficients:
  rows: 1
  cols: 5
  data: [-0.355897, 0.180689, 0.003089, 0.000978, 0]
rectification_matrix:
  rows: 3
  cols: 3
  data: [1, 0, 0, 0, 1, 0, 0, 0, 1]
projection_matrix:
  rows: 3
  cols: 4
  data: [602.934082, 0, 384.200593, 0, 0, 634.300537, 256.197653, 0, 0, 0, 1, 0]




