image_width: 780
image_height: 580
camera_name: a4701110abbe6

camera_matrix:
  rows: 3
  cols: 3
  data: [635.477275, 0, 426.347423, 0, 634.094954, 358.002746, 0, 0, 1]
distortion_model: plumb_bob
distortion_coefficients:
  rows: 1
  cols: 5
  data: [-0.346600, 0.133899, -0.005138, -0.003715, 0]
rectification_matrix:
  rows: 3
  cols: 3
  data: [1, 0, 0, 0, 1, 0, 0, 0, 1]
projection_matrix:
  rows: 3
  cols: 4
  data: [543.875732, 0, 432.850330, 0, 0, 577.888000, 365.787235, 0, 0, 0, 1, 0]




