image_width: 780
image_height: 580
camera_name: a4701110abbe6

camera_matrix:
  rows: 3
  cols: 3
  data: [649.220749, 0, 362.536854, 0, 650.693773, 300.691500, 0, 0, 1]
distortion_model: plumb_bob
distortion_coefficients:
  rows: 1
  cols: 5
  data: [-0.314473, 0.081768, 0.001652, 0.003982, 0]
rectification_matrix:
  rows: 3
  cols: 3
  data: [1, 0, 0, 0, 1, 0, 0, 0, 1]
projection_matrix:
  rows: 3
  cols: 4
  data: [563.220520, 0, 357.958977, 0, 0, 606.145081, 303.225294, 0, 0, 0, 1, 0]




